"age" "weight" "total" "stage" "fit_log" "lwr_log" "upr_log" "fit_boxCox" "lwr_boxCox" "upr_boxCox" "fit_GAM" "lower1_GAM" "upper1_GAM" "total2"
"1" 11.5 160 "bud" "BUD" 11.6934753804139 10.9312367343528 12.4557140264751 11.7090664374581 11.0046723801427 12.4134604947735 11.6974261211449 11.6337499457957 11.7611022964941 "-1"
"2" 11.5 160 "bud" "BUD" 11.6934753804139 10.9312367343528 12.4557140264751 11.7090664374581 11.0046723801427 12.4134604947735 11.6974261211449 11.6337499457957 11.7611022964941 "-1"
"3" 12 205 "bud" "BUD" 11.9698718005359 11.2080015194114 12.7317420816605 11.9316162624966 11.2274927365868 12.6357397884064 11.9607078026975 11.8976977067259 12.023717898669 "-1"
"4" 12 205 "bud" "BUD" 11.9698718005359 11.2080015194114 12.7317420816605 11.9316162624966 11.2274927365868 12.6357397884064 11.9607078026975 11.8976977067259 12.023717898669 "-1"
"5" 12 206 "bud" "BUD" 11.9752987623563 11.2134346688381 12.7371628558746 11.9361345033848 11.2320158377821 12.6402531689874 11.9658308268619 11.9025502443067 12.0291114094171 "-1"
"6" 12 206 "bud" "BUD" 11.9752987623563 11.2134346688381 12.7371628558746 11.9361345033848 11.2320158377821 12.6402531689874 11.9658308268619 11.9025502443067 12.0291114094171 "-1"
"7" 11 214 "PEK" "BUD" 12.017789175942 11.2559721362836 12.7796062156004 11.971712965373 11.2676316925464 12.6757942381997 12.0052707114536 11.9401928650611 12.0703485578461 "0"
"8" 12 219 "PEK" "transition" 12.0435464051891 11.2817566870976 12.8053361232805 11.9934564380234 11.2893972492118 12.697515626835 12.0284651963262 11.9627239002446 12.0942064924078 "0"
"9" 12 219 "PEK" "transition" 12.0435464051891 11.2817566870976 12.8053361232805 11.9934564380234 11.2893972492118 12.697515626835 12.0284651963262 11.9627239002446 12.0942064924078 "0"
"10" 12 223 "PEK" "transition" 12.0637322676376 11.3019633271703 12.825501208105 12.01059034182 11.3065481446228 12.7146325390173 12.0461784044194 11.9802198961527 12.1121369126861 "0"
"11" 12 233 "PEK" "transition" 12.1126540783435 11.3509331815509 12.8743749751362 12.0524593672401 11.3484571682909 12.7564615661893 12.0870569305572 12.0218307115493 12.1522831495651 "0"
"12" 12 233 "PEK" "transition" 12.1126540783435 11.3509331815509 12.8743749751362 12.0524593672401 11.3484571682909 12.7564615661893 12.0870569305572 12.0218307115493 12.1522831495651 "0"
"13" 12 247 "PEK" "cap" 12.1777281116842 11.4160660464201 12.9393901769483 12.1089145864534 11.4049628973722 12.8128662755347 12.1365838764158 12.0741099490805 12.1990578037511 "0"
"14" 12 247 "PEK" "transition" 12.1777281116842 11.4160660464201 12.9393901769483 12.1089145864534 11.4049628973722 12.8128662755347 12.1365838764158 12.0741099490805 12.1990578037511 "0"
"15" 12 247 "PEK" "transition" 12.1777281116842 11.4160660464201 12.9393901769483 12.1089145864534 11.4049628973722 12.8128662755347 12.1365838764158 12.0741099490805 12.1990578037511 "0"
"16" 12 247 "PEK" "cap" 12.1777281116842 11.4160660464201 12.9393901769483 12.1089145864534 11.4049628973722 12.8128662755347 12.1365838764158 12.0741099490805 12.1990578037511 "0"
"17" 12 265 "PEK" "cap" 12.2561756454838 11.4945767988772 13.0177744920904 12.1781472447251 11.4742521305184 12.8820423589317 12.190721536302 12.1291106265145 12.2523324460896 "0"
"18" 12 265 "PEK" "cap" 12.2561756454838 11.4945767988772 13.0177744920904 12.1781472447251 11.4742521305184 12.8820423589317 12.190721536302 12.1291106265145 12.2523324460896 "0"
"19" 12 267 "PEK" "cap" 12.2645609365164 11.5029683491116 13.0261535239212 12.1856244773614 11.4817351195143 12.8895138352085 12.1962626299876 12.1343801130359 12.2581451469393 "0"
"20" 12 267 "PEK" "cap" 12.2645609365164 11.5029683491116 13.0261535239212 12.1856244773614 11.4817351195143 12.8895138352085 12.1962626299876 12.1343801130359 12.2581451469393 "0"
"21" 12.5 276 "PEK" "cap" 12.3015335529303 11.5399674159894 13.0630996898711 12.2187721834168 11.5149075136145 12.9226368532191 12.2203591034452 12.1564165460425 12.2843016608479 "0"
"22" 12.5 276 "PEK" "cap" 12.3015335529303 11.5399674159894 13.0630996898711 12.2187721834168 11.5149075136145 12.9226368532191 12.2203591034452 12.1564165460425 12.2843016608479 "0"
"23" 12 284 "PEK" "cap" 12.3333996766223 11.5718548354856 13.0949445177591 12.2475771589776 11.5437328417859 12.9514214761693 12.2408878384619 12.1743135109271 12.3074621659967 "0"
"24" 12 284 "PEK" "cap" 12.3333996766223 11.5718548354856 13.0949445177591 12.2475771589776 11.5437328417859 12.9514214761693 12.2408878384619 12.1743135109271 12.3074621659967 "0"
"25" 12.25 288 "PEK" "cap" 12.3489976714907 11.5874627475623 13.1105325954191 12.261756777423 11.5579221029874 12.9655914518586 12.2509314863002 12.1829277640483 12.3189352085522 "0"
"26" 12.25 288 "PEK" "cap" 12.3489976714907 11.5874627475623 13.1105325954191 12.261756777423 11.5579221029874 12.9655914518586 12.2509314863002 12.1829277640483 12.3189352085522 "0"
"27" 12.25 314 "PEK" "cap" 12.4453905255491 11.6839094980198 13.2068715530784 12.3505643970464 11.6467844716459 13.0543443224469 12.3149440219315 12.2406311632285 12.3892568806345 "0"
"28" 12.25 314 "PEK" "cap" 12.4453905255491 11.6839094980198 13.2068715530784 12.3505643970464 11.6467844716459 13.0543443224469 12.3149440219315 12.2406311632285 12.3892568806345 "0"
"29" 12.25 338 "PEK/SEK" "cap" 12.5275310825094 11.7660859417258 13.2889762232931 12.4278693169171 11.7241291236976 13.1316095101365 12.3756449363852 12.3050242338542 12.4462656389161 "1"
"30" 12.25 338 "SEK" "cap" 12.5275310825094 11.7660859417258 13.2889762232931 12.4278693169171 11.7241291236976 13.1316095101365 12.3756449363852 12.3050242338542 12.4462656389161 "1"
"31" 12.5 349 "PEK" "cap" 12.5632477390155 11.8018153201267 13.3246801579044 12.4619586727196 11.7582336562538 13.1656836891854 12.4044007948641 12.3369081663809 12.4718934233473 "0"
"32" 12.5 352 "PEK" "cap" 12.5727933475345 11.8113640328131 13.3342226622559 12.4711186553499 11.7673974723897 13.1748398383101 12.4123464633205 12.3456574812582 12.4790354453828 "0"
"33" 12.5 365 "PEK/SEK" "cap" 12.6132387837795 11.8518212369615 13.3746563305974 12.5101623865636 11.8064563817184 13.2138683914087 12.4472906450693 12.3832600116411 12.5113212784974 "1"
"34" 13 387 "SEK" "cap" 12.6785107233045 11.917107442016 13.439914004593 12.573972041184 11.8702867900961 13.2776572922719 12.5083285577123 12.4444052766506 12.5722518387739 "1"
"35" 13 387 "SEK" "cap" 12.6785107233045 11.917107442016 13.439914004593 12.573972041184 11.8702867900961 13.2776572922719 12.5083285577123 12.4444052766506 12.5722518387739 "1"
"36" 12 387 "PEK/SEK" "cap" 12.6785107233045 11.917107442016 13.439914004593 12.573972041184 11.8702867900961 13.2776572922719 12.5083285577123 12.4444052766506 12.5722518387739 "1"
"37" 12 387 "PEK/SEK" "cap" 12.6785107233045 11.917107442016 13.439914004593 12.573972041184 11.8702867900961 13.2776572922719 12.5083285577123 12.4444052766506 12.5722518387739 "1"
"38" 12.5 388 "PEK" "cap" 12.6813887596201 11.9199859730091 13.4427915462312 12.5768085323613 11.8731240871073 13.2804929776153 12.5111597341451 12.4471163962947 12.5752030719955 "0"
"39" 12.25 396 "SEK" "cap" 12.7041495180531 11.9427502438847 13.4655487922216 12.5993094548228 11.8956310499552 13.3029878596904 12.5339861279499 12.4687220690808 12.599250186819 "1"
"40" 12.5 398 "SEK" "cap" 12.7097678596755 11.948369343326 13.471166376025 12.6048824807655 11.9012054753739 13.308559486157 12.5397418050828 12.4741181493704 12.6053654607952 "1"
"41" 12.5 425 "SEK" "cap" 12.7829689485369 12.0215763540202 13.5443615430537 12.6781798208525 11.9745176519331 13.3818419897719 12.6193509341193 12.549111131413 12.6895907368255 "1"
"42" 12.5 431 "SEK" "cap" 12.7986033885109 12.0372111075033 13.5599956695185 12.6940013613317 11.990341524254 13.3976611984094 12.6375183963396 12.5667820227455 12.7082547699336 "1"
"43" 12.5 431 "SEK" "cap" 12.7986033885109 12.0372111075033 13.5599956695185 12.6940013613317 11.990341524254 13.3976611984094 12.6375183963396 12.5667820227455 12.7082547699336 "1"
"44" 12.5 435 "no" "cap" 12.8089058955272 12.0475136380867 13.5702981529678 12.7044594557246 12.000800990288 13.4081179211612 12.649715146586 12.5788004394065 12.7206298537655 "1"
"45" 13 440 "SEK" "cap" 12.8216516165816 12.060259187088 13.5830440460753 12.7174332747313 12.0137763231614 13.4210902263013 12.6650400496302 12.5940497658079 12.7360303334525 "1"
"46" 12.5 461 "2" "bell" 12.8736477315025 12.1122522944327 13.6350431685723 12.7707704593893 12.0671175474453 13.4744233713333 12.7299862702139 12.6597088859966 12.8002636544312 "2"
"47" 12.5 461 "2" "bell" 12.8736477315025 12.1122522944327 13.6350431685723 12.7707704593893 12.0671175474453 13.4744233713333 12.7299862702139 12.6597088859966 12.8002636544312 "2"
"48" 13 469 "SEK" "cap" 12.8928351029036 12.131437620508 13.6542325852991 12.790620392757 12.086968087073 13.494272698441 12.7548092569266 12.6848572497662 12.824761264087 "1"
"49" 13 498 "2" "bell" 12.9597464085289 12.1983378478143 13.7211549692435 12.8605573260703 12.1569032786534 13.5642113734872 12.8440431543349 12.7731161547543 12.9149701539154 "2"
"50" 13 498 "2" "bell" 12.9597464085289 12.1983378478143 13.7211549692435 12.8605573260703 12.1569032786534 13.5642113734872 12.8440431543349 12.7731161547543 12.9149701539154 "2"
"51" 13 532 "2" "bell" 13.0334005615365 12.2719727153661 13.794828407707 12.9388435877244 12.2351804249401 13.6425067505087 12.9449423139867 12.8674716178157 13.0224130101577 "2"
"52" 13 544 "2" "bell" 13.058276800048 12.2968407617323 13.8197128383637 12.9655965101953 12.261928497123 13.6692645232676 12.9790959172575 12.8987151625018 13.0594766720131 "2"
"53" 13 548 "2" "bell" 13.0664470816696 12.305008167849 13.8278859954903 12.9744178498464 12.2707480436925 13.6780876560002 12.9902794425409 12.9089608702678 13.0715980148139 "2"
"54" 12.5 554 "2" "bell" 13.0785913590599 12.3171480021545 13.8400347159652 12.9875616644404 12.2838890083188 13.691234320562 13.0068547344979 12.9242015604697 13.0895079085261 "2"
"55" 13 556 "2" "bell" 13.0826102407184 12.3211653689891 13.8440551124477 12.9919197119621 12.288246063789 13.6955933601351 13.0123249114408 12.9292518592649 13.0953979636167 "2"
"56" 13 556 "2" "bell" 13.0826102407184 12.3211653689891 13.8440551124477 12.9919197119621 12.288246063789 13.6955933601351 13.0123249114408 12.9292518592649 13.0953979636167 "2"
"57" 13 556 "2" "bell" 13.0826102407184 12.3211653689891 13.8440551124477 12.9919197119621 12.288246063789 13.6955933601351 13.0123249114408 12.9292518592649 13.0953979636167 "2"
"58" 13 556 "2" "bell" 13.0826102407184 12.3211653689891 13.8440551124477 12.9919197119621 12.288246063789 13.6955933601351 13.0123249114408 12.9292518592649 13.0953979636167 "2"
"59" 13 578 "2" "bell" 13.1258877095187 12.3644251237155 13.8873502953219 13.0391151597336 12.3354292657865 13.7428010536807 13.0705633545382 12.9841143093752 13.1570123997013 "2"
"60" 13 585 "2" "bell" 13.1393129261091 12.3778443239133 13.9007815283048 13.0538550618744 12.3501647796869 13.7575453440619 13.0883073236708 13.0013959730055 13.1752186743361 "2"
"61" 13 630 "2" "bell" 13.2219609863561 12.4604499095152 13.9834720631971 13.1456436524348 12.4419200065971 13.8493672982724 13.19346429023 13.1095531772198 13.2773754032403 "2"
"62" 13 638 "2" "bell" 13.2360335825859 12.4745143416568 13.997552823515 13.1614536883075 12.4577232455436 13.8651841310715 13.2106428071654 13.1278574040973 13.2934282102335 "2"
"63" 13.5 745 "2" "bell" 13.4089467713753 12.6473050851787 14.170588457572 13.3601097467188 12.656267601424 14.0639518920137 13.4027716010983 13.3253990715471 13.4801441306494 "2"
"64" 13.5 745 "2" "bell" 13.4089467713753 12.6473050851787 14.170588457572 13.3601097467188 12.656267601424 14.0639518920137 13.4027716010983 13.3253990715471 13.4801441306494 "2"
"65" 13.5 745 "3" "bell" 13.4089467713753 12.6473050851787 14.170588457572 13.3601097467188 12.656267601424 14.0639518920137 13.4027716010983 13.3253990715471 13.4801441306494 "3"
"66" 13.25 776 "3" "bell" 13.4544131492254 12.6927324720593 14.2160938263915 13.4137197531249 12.7098391175618 14.117600388688 13.4469991390591 13.3682726661188 13.5257256119994 "3"
"67" 13.25 776 "3" "bell" 13.4544131492254 12.6927324720593 14.2160938263915 13.4137197531249 12.7098391175618 14.117600388688 13.4469991390591 13.3682726661188 13.5257256119994 "3"
"68" 13.5 801 "3" "bell" 13.4897756061835 12.728062647414 14.2514885649531 13.4558198828237 12.7519065348072 14.1597332308402 13.4794308234339 13.4007994453927 13.5580622014751 "3"
"69" 13.25 804 "4" "bell" 13.4939447267524 12.7322278493389 14.2556616041659 13.4608067940003 12.7568894262228 14.1647241617777 13.4831378238596 13.4046341497382 13.561641497981 "4"
"70" 13.25 804 "4" "bell" 13.4939447267524 12.7322278493389 14.2556616041659 13.4608067940003 12.7568894262228 14.1647241617777 13.4831378238596 13.4046341497382 13.561641497981 "4"
"71" 13.5 860 "4" "bell" 13.5690372114382 12.8072456819345 14.3308287409419 13.5514832648752 12.8474874560544 14.2554790736959 13.5460584751066 13.4747213691169 13.6173955810964 "4"
"72" 13.5 860 "4" "bell" 13.5690372114382 12.8072456819345 14.3308287409419 13.5514832648752 12.8474874560544 14.2554790736959 13.5460584751066 13.4747213691169 13.6173955810964 "4"
"73" 14 915 "6" "bell" 13.6381727123334 12.8763056338663 14.4000397908006 13.6364146710712 12.9323361941978 14.3404931479446 13.6035713425013 13.5389191935036 13.668223491499 "6"
"74" 14 915 "6" "bell" 13.6381727123334 12.8763056338663 14.4000397908006 13.6364146710712 12.9323361941978 14.3404931479446 13.6035713425013 13.5389191935036 13.668223491499 "6"
"75" 13.5 950 "6" "bell" 13.6800364434176 12.9181204407309 14.4419524461042 13.6885282575139 12.9843946532665 14.3926618617612 13.6428682897643 13.5776131319914 13.7081234475372 "6"
"76" 13.5 950 "6" "bell" 13.6800364434176 12.9181204407309 14.4419524461042 13.6885282575139 12.9843946532665 14.3926618617612 13.6428682897643 13.5776131319914 13.7081234475372 "6"
"77" 13.5 958 "6" "bell" 13.6893886026528 12.9274613431201 14.4513158621854 13.7002414644515 12.9960950088477 14.4043879200553 13.6524445487653 13.5866149532956 13.718274144235 "6"
"78" 13.5 998 "6" "bell" 13.7350079873565 12.973024103541 14.496991871172 13.7577540009012 13.0535419911098 14.4619660106925 13.7048339471938 13.6355979874 13.7740699069875 "6"
"79" 13.5 1010 "6" "bell" 13.7483376893098 12.9863367232541 14.5103386553655 13.7746772874285 13.0704452119574 14.4789093628996 13.7222650346852 13.652286743427 13.7922433259433 "6"
"80" 13.5 1010 "6" "bell" 13.7483376893098 12.9863367232541 14.5103386553655 13.7746772874285 13.0704452119574 14.4789093628996 13.7222650346852 13.652286743427 13.7922433259433 "6"
"81" 13.5 1019 "6" "bell" 13.7582314418075 12.9962176397412 14.5202452438739 13.787273153459 13.0830259142174 14.4915203927007 13.7359145812175 13.6655685591877 13.8062606032473 "6"
"82" 13.5 1019 "6" "bell" 13.7582314418075 12.9962176397412 14.5202452438739 13.787273153459 13.0830259142174 14.4915203927007 13.7359145812175 13.6655685591877 13.8062606032473 "6"
"83" 14 1035 "6" "bell" 13.7756064916445 13.0135698237216 14.5376431595674 13.8094656205104 13.1051911889036 14.5137400521171 13.7612891733943 13.6906607379321 13.8319176088565 "6"
"84" 14 1047 "6" "bell" 13.7884624086827 13.0264085566349 14.5505162607305 13.8259452782422 13.1216502616399 14.5302402948445 13.7811308312661 13.7105320725122 13.85172959002 "6"
"85" 14 1047 "6" "bell" 13.7884624086827 13.0264085566349 14.5505162607305 13.8259452782422 13.1216502616399 14.5302402948445 13.7811308312661 13.7105320725122 13.85172959002 "6"
"86" 13.75 1058 "6" "bell" 13.8001182135803 13.0380485863841 14.5621878407765 13.8409302832592 13.1366162582843 14.545244308234 13.7998382410036 13.7293791826675 13.8702972993398 "6"
"87" 13.75 1058 "6" "bell" 13.8001182135803 13.0380485863841 14.5621878407765 13.8409302832592 13.1366162582843 14.545244308234 13.7998382410036 13.7293791826675 13.8702972993398 "6"
"88" 13.75 1059 "6" "bell" 13.8011718163544 13.0391007540483 14.5632428786604 13.842286876485 13.1379711170294 14.5466026359406 13.8015609840989 13.7311177389467 13.8720042292511 "6"
"89" 13.75 1061 "6" "bell" 13.8032760404755 13.0412021074717 14.5653499734793 13.844997244659 13.1406780130574 14.5493164762606 13.8050167782015 13.7346060481093 13.8754275082938 "6"
"90" 13.75 1061 "6" "bell" 13.8032760404755 13.0412021074717 14.5653499734793 13.844997244659 13.1406780130574 14.5493164762606 13.8050167782015 13.7346060481093 13.8754275082938 "6"
"91" 13.5 1100 "6" "bell" 13.8435342752339 13.0814042548509 14.6056642956169 13.8971151257517 13.1927273685264 14.601502882977 13.8746002433231 13.8045352849286 13.9446652017176 "6"
"92" 13.75 1116 "6" "bell" 13.8596390814963 13.09748600411 14.6217921588827 13.9181047815959 13.213688482056 14.6225210811359 13.9039663385798 13.8335328439109 13.9743998332486 "6"
"93" 13.5 1124 "6" "bell" 13.8676051043182 13.1054404911562 14.6297697174802 13.928516870074 13.2240862106323 14.6329475295156 13.9187400266245 13.8479448107783 13.9895352424707 "6"
"94" 13.5 1124 "6" "bell" 13.8676051043182 13.1054404911562 14.6297697174802 13.928516870074 13.2240862106323 14.6329475295156 13.9187400266245 13.8479448107783 13.9895352424707 "6"
"95" 14 1154 "6" "bell" 13.8969809498044 13.1347730478045 14.6591888518043 13.9670843743666 13.262599361684 14.6715693870491 13.9742703886229 13.9009245944265 14.0476161828192 "6"
"96" 14 1154 "6" "bell" 13.8969809498044 13.1347730478045 14.6591888518043 13.9670843743666 13.262599361684 14.6715693870491 13.9742703886229 13.9009245944265 14.0476161828192 "6"
"97" 14 1154 "6" "bell" 13.8969809498044 13.1347730478045 14.6591888518043 13.9670843743666 13.262599361684 14.6715693870491 13.9742703886229 13.9009245944265 14.0476161828192 "6"
"98" 14 1160 "6" "bell" 13.9027643946758 13.1405478312405 14.664980958111 13.9747093401788 13.2702133648718 14.6792053154857 13.9853413151527 13.9112594505282 14.0594231797772 "6"
"99" 13.5 1189 "6" "bell" 13.9303025457507 13.168044114037 14.6925609774644 14.0111606080728 13.3066112372349 14.7157099789108 14.0382999817277 13.959764932576 14.1168350308793 "6"
"100" 13.5 1189 "6" "bell" 13.9303025457507 13.168044114037 14.6925609774644 14.0111606080728 13.3066112372349 14.7157099789108 14.0382999817277 13.959764932576 14.1168350308793 "6"
"101" 14 1209 "6" "bell" 13.9489057870057 13.1866184854773 14.7111930885341 14.035920904529 13.3313343312465 14.7405074778115 14.0740010234843 13.9917779566727 14.1562240902958 "6"
"102" 14 1209 "6" "bell" 13.9489057870057 13.1866184854773 14.7111930885341 14.035920904529 13.3313343312465 14.7405074778115 14.0740010234843 13.9917779566727 14.1562240902958 "6"
"103" 14 1209 "6" "bell" 13.9489057870057 13.1866184854773 14.7111930885341 14.035920904529 13.3313343312465 14.7405074778115 14.0740010234843 13.9917779566727 14.1562240902958 "6"
"104" 14 1352 "6" "bell" 14.0735798617199 13.3110868931278 14.836072830312 14.2047237386159 13.4998634476697 14.9095840295621 14.2954420686288 14.1925018249002 14.3983823123573 "6"
"105" 14 1352 "6" "bell" 14.0735798617199 13.3110868931278 14.836072830312 14.2047237386159 13.4998634476697 14.9095840295621 14.2954420686288 14.1925018249002 14.3983823123573 "6"
"106" 14.5 1371 "7" "bell" 14.0891434860373 13.3266233542762 14.8516636177983 14.2261507623616 13.5212532219393 14.9310483027838 14.320433636451 14.2165007395228 14.4243665333792 "7"
"107" 14.5 1371 "6" "bell" 14.0891434860373 13.3266233542762 14.8516636177983 14.2261507623616 13.5212532219393 14.9310483027838 14.320433636451 14.2165007395228 14.4243665333792 "6"
"108" 14.5 1485 "6" "bell" 14.1782224567674 13.4155405004694 14.9409044130654 14.3503314155212 13.6452068910909 15.0554559399516 14.4529371398008 14.3503871425743 14.5554871370273 "6"
"109" 14.5 1485 "6" "bell" 14.1782224567674 13.4155405004694 14.9409044130654 14.3503314155212 13.6452068910909 15.0554559399516 14.4529371398008 14.3503871425743 14.5554871370273 "6"
"110" 14.5 1612 "6" "bell" 14.269739896549 13.5068804230148 15.0325993700832 14.4806890987737 13.7753059377454 15.1860722598021 14.5720963440962 14.4766998268439 14.6674928613485 "6"
"111" 14.5 1612 "6" "bell" 14.269739896549 13.5068804230148 15.0325993700832 14.4806890987737 13.7753059377454 15.1860722598021 14.5720963440962 14.4766998268439 14.6674928613485 "6"
"112" 14.5 1612 "6" "bell" 14.269739896549 13.5068804230148 15.0325993700832 14.4806890987737 13.7753059377454 15.1860722598021 14.5720963440962 14.4766998268439 14.6674928613485 "6"
"113" 14.5 1612 "6" "bell" 14.269739896549 13.5068804230148 15.0325993700832 14.4806890987737 13.7753059377454 15.1860722598021 14.5720963440962 14.4766998268439 14.6674928613485 "6"
"114" 14.5 1625 "6" "bell" 14.2786976832898 13.5158202212115 15.0415751453682 14.4936021486994 13.7881922330204 15.1990120643784 14.5829345231589 14.4879299445155 14.6779391018022 "6"
"115" 14.5 1625 "6" "bell" 14.2786976832898 13.5158202212115 15.0415751453682 14.4936021486994 13.7881922330204 15.1990120643784 14.5829345231589 14.4879299445155 14.6779391018022 "6"
"116" 14.5 1667 "6" "bell" 14.3071561016978 13.5442207659313 15.0700914374644 14.5348097663642 13.8293131054624 15.240306427266 14.6164783049163 14.5216337714092 14.7113228384234 "6"
"117" 14.5 1670 "6" "bell" 14.3091613257083 13.5462218704831 15.0721007809335 14.5377238808303 13.8322210067041 15.2432267549565 14.6187925046233 14.5238835515697 14.7137014576768 "6"
"118" 15 1732 "7" "bell" 14.3498153179312 13.5867911641205 15.1128394717419 14.5971063212823 13.8914745708808 15.3027380716838 14.6643959597363 14.5654239012351 14.7633680182375 "7"
"119" 15 1732 "6" "bell" 14.3498153179312 13.5867911641205 15.1128394717419 14.5971063212823 13.8914745708808 15.3027380716838 14.6643959597363 14.5654239012351 14.7633680182375 "6"
"120" 15 1810 "7" "bell" 14.3989416109888 13.6358121058744 15.1620711161032 14.6696366389579 13.9638416192231 15.3754316586927 14.7164573184748 14.6043781615084 14.8285364754411 "7"
"121" 15 1810 "7" "bell" 14.3989416109888 13.6358121058744 15.1620711161032 14.6696366389579 13.9638416192231 15.3754316586927 14.7164573184748 14.6043781615084 14.8285364754411 "7"
"122" 14.5 1852 NA NA 14.4245243903451 13.6613387227294 15.1877100579609 14.7077450535237 14.0018616695276 15.4136284375198 14.742418826979 14.6198370355359 14.865000618422 NA
"123" 14.5 1852 NA NA 14.4245243903451 13.6613387227294 15.1877100579609 14.7077450535237 14.0018616695276 15.4136284375198 14.742418826979 14.6198370355359 14.865000618422 NA
